rank,src_id,norm1,min_vector_similarity,neighbor_vector_similarity,neighbor_similarity_diff
0,2,0.096438095,1000000000,0.096438095,0
1,3,0.1000509,0.020402776,0.020402776,0.0036128014
2,4,0.121955335,0.047463726,0.049744427,0.021904439
3,5,0.11796999,0.1459955,0.16251063,-0.0039853454
4,6,0.053521145,0.11264479,0.1301284,-0.06444885
5,7,0.12717071,0.055070013,0.11921294,0.07364957
6,8,0.107918926,0.100378916,0.1746194,-0.019251786
7,9,0.022745404,0.045771737,0.09679462,-0.08517352
8,10,0.088342495,0.03169774,0.081089795,0.06559709
9,11,0.16916186,0.0931314,0.10151182,0.08081936
10,12,0.03667018,0.033177387,0.1623228,-0.13249168
11,13,0.15282583,0.043009505,0.1475758,0.116155654
12,14,0.06788003,0.033579007,0.12657884,-0.084945805
13,15,0.15712029,0.03204398,0.12404343,0.08924026
14,16,0.17599285,0.04126645,0.054191448,0.01887256
15,17,0.10067319,0.052429665,0.09293232,-0.075319655
16,18,0.028559042,0.02331306,0.083354905,-0.07211415
17,19,0.08793178,0.030842489,0.07392422,0.059372738
18,20,0.092526525,0.038152523,0.13954073,0.0045947433
19,21,0.092526525,0.0,0.0,0.0
20,22,0.115267135,0.034790665,0.034790665,0.02274061
21,23,0.09082005,0.030744277,0.041833997,-0.024447083
22,24,0.09082005,0.0,0.0,0.0
23,25,0.11340959,0.029888185,0.029888185,0.022589542
24,26,0.092403404,0.04438675,0.060514998,-0.02100619
25,27,0.022190036,0.03665542,0.08940588,-0.07021337
26,28,0.022190036,0.0,0.0,0.0
27,29,0.09986639,0.021202186,0.09069794,0.077676356
28,30,0.09191723,0.018919358,0.043744646,-0.007949159
29,31,0.09191723,0.0,0.0,0.0
30,32,0.114163324,0.0194443,0.030970447,0.022246093
31,33,0.08486377,0.02062857,0.06595948,-0.029299557
32,34,0.09293806,0.064405516,0.064405516,0.008074291
33,35,0.09293806,0.0,0.0,0.0
34,36,0.11081695,0.04479178,0.04479178,0.01787889
35,37,0.046055377,0.040032398,0.1185828,-0.06476157
36,38,0.046055377,0.0,0.0,0.0
37,39,0.09082454,0.03850317,0.09496531,0.04476916
38,40,0.096151724,0.0406355,0.06940396,0.0053271875
39,41,0.115267135,0.0,0.103611745,0.01911541
40,42,0.12971327,0.023103558,0.023103558,0.014446132
41,43,0.10983442,0.015178006,0.028260732,-0.01987885
42,44,0.10983442,0.0,0.0,0.0
43,45,0.12733378,0.016820671,0.02384523,0.017499357
44,46,0.11409909,0.03416635,0.04946919,-0.013234682
45,47,0.12971327,0.0,0.040264867,0.015614174
46,48,0.10983442,0.0,0.028260732,-0.01987885
47,49,0.10983442,0.0,0.0,0.0
48,50,0.12733378,0.0,0.02384523,0.017499357
49,51,0.11409909,0.0,0.04946919,-0.013234682
50,52,0.12978528,0.012991174,0.044668023,0.015686192
51,53,0.12978528,0.0,0.0,0.0
52,54,0.14252391,0.01893887,0.01893887,0.01273863
53,55,0.1303137,0.024437135,0.037629947,-0.01221022
54,56,0.11340959,0.0,0.051814694,-0.0169041
55,57,0.12812093,0.02354836,0.02354836,0.014711335
56,58,0.11057347,0.026463257,0.044696324,-0.017547458
57,59,0.12812093,0.0,0.044696324,0.017547458
58,60,0.11057347,0.0,0.044696324,-0.017547458
59,61,0.12989381,0.023995513,0.025171917,0.019320339
60,62,0.07300984,0.040328756,0.16550012,-0.05688397
61,63,0.07300984,0.0,0.0,0.0
62,64,0.101091266,0.029163169,0.10242039,0.028081425
63,65,0.06082165,0.021468036,0.111186616,-0.040269617
64,66,0.06082165,0.0,0.0,0.0
65,67,0.09315918,0.017869577,0.101474546,0.032337528
66,68,0.09606309,0.022653285,0.0771963,0.002903916
67,69,0.09986639,0.0,0.09948986,0.0038032979
68,70,0.12137371,0.022964211,0.031916324,0.021507323
69,71,0.096331485,0.019587483,0.0367765,-0.025042228
70,72,0.096331485,0.0,0.0,0.0
71,73,0.11892165,0.018988356,0.028501641,0.022590168
72,74,0.10050635,0.022165647,0.05813869,-0.018415302
73,75,0.12137371,0.0,0.044624437,0.020867363
74,76,0.096331485,0.0,0.0367765,-0.025042228
75,77,0.096331485,0.0,0.0,0.0
76,78,0.11892165,0.0,0.028501641,0.022590168
77,79,0.10050635,0.0,0.05813869,-0.018415302
78,80,0.117480904,0.015413155,0.05131979,0.016974553
79,81,0.117480904,0.0,0.0,0.0
80,82,0.13309442,0.0143014295,0.02208932,0.015613511
81,83,0.122623354,0.01953332,0.045461897,-0.010471061
82,84,0.114163324,0.0,0.069078326,-0.00846003
83,85,0.12952496,0.019345492,0.025925161,0.015361637
84,86,0.10568675,0.020218752,0.0471821,-0.023838215
85,87,0.12952496,0.0,0.0471821,0.023838215
86,88,0.10568675,0.0,0.0471821,-0.023838215
87,89,0.12687199,0.020959215,0.026948465,0.021185242
88,90,0.11081695,0.0,0.07568349,-0.01605504
89,91,0.12565653,0.026076628,0.026076628,0.014839582
90,92,0.09050071,0.027048796,0.06641223,-0.035155818
91,93,0.09050071,0.0,0.0,0.0
92,94,0.10548165,0.031255946,0.034936428,0.014980935
93,95,0.106714,0.034301646,0.05821226,0.0012323558
94,96,0.12565653,0.0,0.04758616,0.018942527
95,97,0.09050071,0.0,0.06641223,-0.035155818
96,98,0.09050071,0.0,0.0,0.0
97,99,0.10548165,0.0,0.034936428,0.014980935
98,100,0.106714,0.0,0.05821226,0.0012323558
99,101,0.11188794,0.017023249,0.056100857,0.0051739365
100,102,0.11188794,0.0,0.0,0.0
101,103,0.12426927,0.024802554,0.025698824,0.01238133
102,104,0.12136466,0.023079133,0.05411827,-0.0029046088
103,105,0.09082454,0.0,0.06171937,-0.030540124
104,106,0.112797454,0.023301799,0.033905547,0.021972917
105,107,0.09142496,0.03645618,0.052673016,-0.021372497
106,108,0.112797454,0.0,0.052673016,0.021372497
107,109,0.09142496,0.0,0.052673016,-0.021372497
108,110,0.10869186,0.027840644,0.043281503,0.017266907
109,111,0.14170724,0.021030128,0.07530295,0.033015378
110,112,0.12978528,0.0,0.028669633,-0.011921957
111,113,0.12978528,0.0,0.0,0.0
112,114,0.14252391,0.0,0.01893887,0.01273863
113,115,0.1303137,0.0,0.037629947,-0.01221022
114,116,0.14387272,0.0081084715,0.033960972,0.0135590285
115,117,0.14387272,0.0,0.0,0.0
116,118,0.15411313,0.014875765,0.014875765,0.010240406
117,119,0.14257638,0.017436925,0.032219242,-0.011536747
118,120,0.12733378,0.0,0.03775511,-0.015242606
119,121,0.1409059,0.013991558,0.021233533,0.013572127
120,122,0.13246557,0.014354765,0.04082176,-0.008440331
121,123,0.1409059,0.0,0.04082176,0.008440331
122,124,0.13246557,0.0,0.04082176,-0.008440331
123,125,0.14671627,0.01677045,0.019965595,0.014250696
124,126,0.14387272,0.0,0.030947896,-0.002843544
125,127,0.14387272,0.0,0.0,0.0
126,128,0.15411313,0.0,0.014875765,0.010240406
127,129,0.14257638,0.0,0.032219242,-0.011536747
128,130,0.12733378,0.0,0.03775511,-0.015242606
129,131,0.1409059,0.0,0.021233533,0.013572127
130,132,0.13246557,0.0,0.04082176,-0.008440331
131,133,0.1409059,0.0,0.04082176,0.008440331
132,134,0.13246557,0.0,0.04082176,-0.008440331
133,135,0.14671627,0.0,0.019965595,0.014250696
134,136,0.14252391,0.0,0.03404956,-0.0041923523
135,137,0.15323383,0.005637137,0.017717354,0.010709912
136,138,0.14808531,0.0096654715,0.033775344,-0.005148515
137,139,0.15323383,0.0,0.033775344,0.005148515
138,140,0.14808531,0.0,0.033775344,-0.005148515
139,141,0.15917948,0.016224159,0.016224159,0.011094168
140,142,0.14189386,0.021670325,0.05434765,-0.017285615
141,143,0.12989381,0.0,0.038418468,-0.012000054
142,144,0.14344576,0.018233754,0.018233754,0.01355195
143,145,0.14344576,0.0,0.0,0.0
144,146,0.101091266,0.0,0.10751575,-0.042354494
145,147,0.121425085,0.024767857,0.036345586,0.02033382
146,148,0.04810519,0.022336133,0.11838102,-0.0733199
147,149,0.04810519,0.0,0.0,0.0
148,150,0.09718473,0.017907681,0.09107961,0.04907954
149,151,0.100930505,0.02896912,0.059479807,0.003745772
150,152,0.121425085,0.0,0.049231987,0.02049458
151,153,0.04810519,0.0,0.11838102,-0.0733199
152,154,0.04810519,0.0,0.0,0.0
153,155,0.09718473,0.0,0.09107961,0.04907954
154,156,0.100930505,0.0,0.059479807,0.003745772
155,157,0.10029466,0.02003214,0.05334351,-0.00063584745
156,158,0.10029466,0.0,0.0,0.0
157,159,0.113631666,0.014534453,0.029350592,0.013337009
158,160,0.114690274,0.019941606,0.05129309,0.0010586083
159,161,0.09315918,0.0,0.063659646,-0.021531098
160,162,0.11490339,0.018258872,0.036007483,0.021744214
161,163,0.08665589,0.019805798,0.060524393,-0.028247498
162,164,0.11490339,0.0,0.060524393,0.028247498
163,165,0.08665589,0.0,0.060524393,-0.028247498
164,166,0.106027626,0.019147433,0.047839478,0.019371733
165,167,0.13549247,0.020088518,0.068595365,0.029464848
166,168,0.117480904,0.0,0.033085402,-0.01801157
167,169,0.117480904,0.0,0.0,0.0
168,170,0.13309442,0.0,0.02208932,0.015613511
169,171,0.122623354,0.0,0.045461897,-0.010471061
170,172,0.13551316,0.015178942,0.03823312,0.012889802
171,173,0.13551316,0.0,0.0,0.0
172,174,0.14753239,0.013490064,0.017889448,0.012019232
173,175,0.13885848,0.017415563,0.035656966,-0.008673906
174,176,0.11892165,0.0,0.05098419,-0.01993683
175,177,0.13318883,0.01729115,0.022622865,0.014267176
176,178,0.11944669,0.017184133,0.04419041,-0.013742141
177,179,0.13318883,0.0,0.04419041,0.013742141
178,180,0.11944669,0.0,0.04419041,-0.013742141
179,181,0.13806495,0.015524319,0.024058374,0.018618263
180,182,0.13551316,0.0,0.026739733,-0.002551794
181,183,0.13551316,0.0,0.0,0.0
182,184,0.14753239,0.0,0.017889448,0.012019232
183,185,0.13885848,0.0,0.035656966,-0.008673906
184,186,0.11892165,0.0,0.05098419,-0.01993683
185,187,0.13318883,0.0,0.022622865,0.014267176
186,188,0.11944669,0.0,0.04419041,-0.013742141
187,189,0.13318883,0.0,0.04419041,0.013742141
188,190,0.11944669,0.0,0.04419041,-0.013742141
189,191,0.13806495,0.0,0.024058374,0.018618263
190,192,0.13309442,0.0,0.033648316,-0.0049705356
191,193,0.14565799,0.009899833,0.01803014,0.012563571
192,194,0.1381287,0.012438535,0.037738338,-0.0075292885
193,195,0.14565799,0.0,0.037738338,0.0075292885
194,196,0.1381287,0.0,0.037738338,-0.0075292885
195,197,0.1513603,0.012540201,0.018807003,0.013231605
196,198,0.14262763,0.01851964,0.06433127,-0.0087326765
197,199,0.12687199,0.0,0.0392409,-0.015755638
198,200,0.14061852,0.018927796,0.018927796,0.01374653
199,201,0.14061852,0.0,0.0,0.0
200,202,0.13735309,0.022209514,0.066955596,-0.0032654256
201,203,0.11188794,0.0,0.058712702,-0.025465153
202,204,0.11188794,0.0,0.0,0.0
203,205,0.12426927,0.0,0.025698824,0.01238133
204,206,0.12136466,0.0,0.05411827,-0.0029046088
205,207,0.12670621,0.016437829,0.049071997,0.005341552
206,208,0.12670621,0.0,0.0,0.0
207,209,0.13811953,0.019149987,0.023504468,0.011413321
208,210,0.13563964,0.014982613,0.054702953,-0.002479896
209,211,0.10548165,0.0,0.060845643,-0.03015799
210,212,0.123842634,0.013410767,0.02688111,0.018360987
211,213,0.10751361,0.025898457,0.038387213,-0.016329028
212,214,0.123842634,0.0,0.038387213,0.016329028
213,215,0.10751361,0.0,0.038387213,-0.016329028
214,216,0.1285979,0.030513935,0.04140975,0.021084294
215,217,0.12670621,0.0,0.041178275,-0.0018916875
216,218,0.12670621,0.0,0.0,0.0
217,219,0.13811953,0.0,0.023504468,0.011413321
218,220,0.13563964,0.0,0.054702953,-0.002479896
219,221,0.10548165,0.0,0.060845643,-0.03015799
220,222,0.123842634,0.0,0.02688111,0.018360987
221,223,0.10751361,0.0,0.038387213,-0.016329028
222,224,0.123842634,0.0,0.038387213,0.016329028
223,225,0.10751361,0.0,0.038387213,-0.016329028
224,226,0.1285979,0.0,0.04140975,0.021084294
225,227,0.12426927,0.0,0.030513935,-0.004328631
226,228,0.13739502,0.010007659,0.021514865,0.013125755
227,229,0.122914605,0.022377947,0.03239045,-0.014480419
228,230,0.13739502,0.0,0.03239045,0.014480419
229,231,0.122914605,0.0,0.03239045,-0.014480419
230,232,0.1414035,0.01910446,0.037934303,0.018488891
231,233,0.12803033,0.02013955,0.0477892,-0.013373166
232,234,0.10869186,0.0,0.04137226,-0.019338466
233,235,0.12801214,0.020296166,0.026177675,0.019320272
234,236,0.12801214,0.0,0.0,0.0
235,237,0.15481138,0.010655242,0.0763612,0.026799247
236,238,0.15481138,0.0,0.0,0.0
237,239,0.16323231,0.0120921815,0.0120921815,0.008420929
238,240,0.15209758,0.01443806,0.027788458,-0.011134729
239,241,0.14252391,0.0,0.033320736,-0.009573668
240,242,0.15323383,0.0,0.017717354,0.010709912
241,243,0.14808531,0.0,0.033775344,-0.005148515
242,244,0.15323383,0.0,0.033775344,0.005148515
243,245,0.14808531,0.0,0.033775344,-0.005148515
244,246,0.15917948,0.0,0.016224159,0.011094168
245,247,0.15411313,0.0,0.028909495,-0.00506635
246,248,0.16271514,0.008560961,0.012601374,0.008602008
247,249,0.15981305,0.00429247,0.029136913,-0.0029020905
248,250,0.16271514,0.0,0.029136913,0.0029020905
249,251,0.15981305,0.0,0.029136913,-0.0029020905
250,252,0.16897285,0.012377524,0.012602898,0.009159803
251,253,0.15231116,0.01436955,0.035934363,-0.016661689
252,254,0.14671627,0.0,0.034780867,-0.0055948943
253,255,0.15818208,0.008222616,0.015289013,0.011465818
254,256,0.15818208,0.0,0.0,0.0
255,257,0.15411313,0.0,0.029570773,-0.004068956
256,258,0.16271514,0.0,0.012601374,0.008602008
257,259,0.15981305,0.0,0.029136913,-0.0029020905
258,260,0.16271514,0.0,0.029136913,0.0029020905
259,261,0.15981305,0.0,0.029136913,-0.0029020905
260,262,0.16897285,0.0,0.012602898,0.009159803
261,263,0.15231116,0.0,0.035934363,-0.016661689
262,264,0.14671627,0.0,0.034780867,-0.0055948943
263,265,0.15818208,0.0,0.015289013,0.011465818
264,266,0.15818208,0.0,0.0,0.0
265,267,0.16259916,0.006360397,0.028230019,0.0044170767
266,268,0.15917948,0.0,0.028944721,-0.0034196824
267,269,0.16811457,0.004058088,0.012416166,0.008935094
268,270,0.16811457,0.0,0.0,0.0
269,271,0.15392461,0.014068549,0.031199291,-0.014189959
270,272,0.08944065,0.056022655,0.10456633,-0.06448396
271,273,0.040529847,0.041659497,0.06619065,-0.048910804
272,274,0.072972886,0.030321011,0.06285479,0.03244304
273,275,0.093272105,0.02418195,0.056640055,0.020299219
274,276,0.02550725,0.009947756,0.10471423,-0.067764856
275,277,0.08408715,0.050499693,0.090365835,0.0585799
276,278,0.09313017,0.047547676,0.059840787,0.009043023
277,279,0.14257787,0.051905185,0.14962581,0.0494477
278,280,0.11476443,0.045115355,0.099737786,-0.027813442
279,281,0.14182256,0.08163603,0.14667712,0.027058132
280,282,0.11526466,0.043397266,0.14196232,-0.0265579
281,283,0.112334654,0.02805954,0.02805954,-0.0029300079
282,284,0.15921323,0.029906366,0.22069412,0.046878576
283,285,0.14348672,0.049755137,0.055351514,-0.015726507
284,286,0.14202684,0.032189168,0.1369228,-0.0014598817
285,287,0.07045597,0.021058906,0.13950457,-0.07157087
286,288,0.08578719,0.024561225,0.05937821,0.015331224
287,289,0.109228656,0.044208102,0.061689377,0.023441464
288,290,0.098187916,0.054444425,0.142415,-0.01104074
289,291,0.15105818,0.044989027,0.14301415,0.052870266
290,292,0.104666114,0.0374898,0.09509068,-0.04639207
291,293,0.13153183,0.029739268,0.11985682,0.02686572
292,294,0.12703416,0.0396759,0.2155219,-0.004497677
293,295,0.14228211,0.012688942,0.14846382,0.015247956
294,296,0.11410127,0.044800542,0.047907557,-0.028180845
295,297,0.10130304,0.022455633,0.11308645,-0.012798227
296,298,0.11612288,0.04742463,0.07720183,0.014819838
297,299,0.06779853,0.05225791,0.13865417,-0.048324347
298,300,0.020037245,0.02135298,0.058573574,-0.047761288
299,301,0.055833112,0.023763461,0.049787678,0.035795867
rank,src_id,norm1,min_vector_similarity,neighbor_vector_similarity,neighbor_similarity_diff
0,2,0.029256169,1000000000,0.029256169,0
1,3,0.054822337,0.06903296,0.06903296,0.025566168
2,4,0.050909128,0.030999279,0.030999279,-0.003913209
3,5,0.030362263,0.0490267,0.06142473,-0.020546865
4,6,0.0310928,0.03943377,0.03943377,0.0007305369
5,7,0.06989158,0.075863756,0.07595959,0.03879878
6,8,0.04511082,0.028952697,0.0823553,-0.024780758
7,9,0.066509284,0.02883609,0.055590354,0.021398462
8,10,0.07715716,0.03166726,0.08511455,0.010647878
9,11,0.06648191,0.023816038,0.093493745,-0.0106752515
10,12,0.0794698,0.03170366,0.08604159,0.012987889
11,13,0.09821823,0.04799461,0.04799461,0.018748432
12,14,0.07671708,0.022200746,0.09164999,-0.021501154
13,15,0.08719135,0.030129367,0.086602524,0.010474272
14,16,0.10496602,0.029527118,0.047542088,0.017774671
15,17,0.11060148,0.026248993,0.03580548,0.0056354553
16,18,0.11696778,0.024769397,0.028977891,0.006366305
17,19,0.11434711,0.10998296,0.17359851,-0.0026206747
18,20,0.22836438,0.17624988,0.17624988,0.11401727
19,21,0.05753276,0.027484816,0.2358451,-0.17083162
20,22,0.18010089,0.1170592,0.18351278,0.12256813
21,23,0.18707907,0.039898045,0.039898045,0.006978184
22,24,0.19855012,0.166149,0.16814616,0.011471048
23,25,0.14588207,0.069619074,0.18886764,-0.05266805
24,26,0.1278616,0.06432056,0.09464222,-0.018020466
25,27,0.17492436,0.068692185,0.08587708,0.047062755
26,28,0.004503503,0.029537063,0.17518573,-0.17042086
27,29,0.034451213,0.034711033,0.034711033,0.02994771
28,30,0.034710277,0.00428593,0.00428593,0.00025906414
29,31,0.050461493,0.035843354,0.05974018,0.015751217
30,32,0.13851598,0.03979855,0.15264043,0.088054486
rank,src_id,norm1,min_vector_similarity,neighbor_vector_similarity,neighbor_similarity_diff
0,2,0.033478376,1000000000,0.033478376,0
1,3,0.019351231,0.03865741,0.03865741,-0.014127145
2,4,0.09207699,0.09011878,0.09011878,0.07272576
3,5,0.03989132,0.031301975,0.09703571,-0.052185666
4,6,0.0035374162,0.019213079,0.040400513,-0.036353905
5,7,0.023646547,0.021616466,0.021616466,0.02010913
6,8,0.011360782,0.008835711,0.015461021,-0.012285764
7,9,0.040424194,0.032472134,0.04094377,0.029063411
8,10,0.014324649,0.003564639,0.042418946,-0.026099544
9,11,0.03999047,0.0032791528,0.04099787,0.02566582
10,12,0.04677448,0.019731715,0.019731715,0.0067840107
11,13,0.041976884,0.008104802,0.0130904205,-0.0047975965
12,14,0.042172465,0.003585857,0.003585857,0.00019558147
13,15,0.023646547,0.0,0.03796909,-0.018525919
14,16,0.0034153557,0.0016548845,0.02227202,-0.020231191
15,17,0.02296987,0.024282929,0.024282929,0.019554514
16,18,0.0068070916,0.0035226354,0.0262057,-0.01616278
17,19,0.02191956,0.0033482548,0.02440392,0.015112468
18,20,0.025876438,0.02097046,0.02097046,0.0039568786
19,21,0.022123728,0.002467545,0.021651078,-0.0037527103
20,22,0.021421958,0.003443851,0.00359175,-0.0007017702
21,23,0.02466786,0.0054276674,0.035756335,0.0032459013
22,24,0.011670707,0.014531491,0.033397727,-0.012997152
23,25,0.007720884,0.0042700414,0.0042700414,-0.003949823
24,26,0.052326433,0.051451657,0.051451657,0.04460555
25,27,0.0034105242,0.0035162333,0.052647125,-0.048915908
26,28,0.13964322,0.11057379,0.14062607,0.1362327
27,29,0.01131362,0.0025928165,0.14492773,-0.1283296
28,30,0.01131362,0.0,0.0,0.0
